home: [[0,0,0,0,0,0,0]]
folded: [[-1.16, -1.91, -2.53, -1.78, -2.84, -0.97, 1.76]]
pregrasp: [[-1.2986303567886353, -1.9999999245021005, -2.0263538360595703, -1.3672049045562744, 0.88282591104507446, 1.0767384767532349, -2.2612252235412598]]
grasp: [[-0.94338446021682099, -1.987128639793466, -1.6757425957025061, -1.2319960038941786, 0.92698961598913809, 0.7957495543301375, -2.2609604309432707]]
graspbrics: [[-1.7364576964931535, 1.2284057502507464, -1.1877668577970244, -1.841886359923441, -2.4491153177056759, -0.10684201883412303, 2.7300983058238479]]
grasp-to-tablet: [[-1.269795995446785, -1.7307273764315627, -2.1572776389465331, -1.5897992836470678, 0.57622022075622326, 1.6138392391202283, -2.2497122301153767],
 [-0.37676621210148459, -1.1834865325160073, -1.9195156781180045, -1.900762761236517, 0.47636017870775127, 1.4150676891038048, -2.7540395910497537],
 [2.567286997401903, -0.76650447903842134, -2.879793265790644, -1.3169067774275871, 0.59769801545593759, 1.3751587638740583, -1.9299075952888678],
 [2.9057230949401855, -1.0808877189967294, -2.8570542335510254, -1.4864857196807861, 0.57246458530426025, 1.069308876991272, -1.9589838981628416]]
folded-to-pregrasp: [[-1.2257130804397811, -1.7726435350037997, -2.6968665580606461, -1.2270834082370465, 0.942475379513116, 1.5531824158777487, -2.0606694768794491],
 [-1.2986303567886353, -1.9999999245021005, -2.0263538360595703, -1.3672049045562744, 0.88282591104507446, 1.0767384767532349, -2.2612252235412598]]
tablet-to-folded: [[2.567286997401903, -0.76650447903842134, -2.879793265790644, -1.3169067774275871, 0.59769801545593759, 1.3751587638740583, -1.9299075952888678],
# [0.88201611906222288, -1.1476013670401506, -2.709682782619137, -1.5255680225400976, -0.52299823487000618, -0.11898030201936657, -0.68846088900109315],
 [0.34600003337848573, -1.6400000103328185, -1.8149999713886731, -1.6349999713897863, -2.9670597283903604, -0.95000002861023169, 1.9699999904632339],
 [-1.16, -1.91, -2.53, -1.78, -2.84, -0.97, 1.76]]
overtablet: [[2.9057230949401855, -1.0808877189967294, -2.8570542335510254, -1.4864857196807861, 0.57246458530426025, 1.069308876991272, -1.9589838981628416]]
tablet: [[2.8545925371816212, -1.1411602564796222, -2.879793265790644, -1.4768269321056455, 0.55049237134044171, 1.0657754724693511, -2.029771517204098]]
calib: [[-0.088886616082371167, -1.7716207546175302, 0.67168910171045759, -0.4477203382168809, -2.9661923094510625, -1.0961825286260174, 1.7246814686875718]]





rc_drive_by_grasp: [[1.3914696432111018, -0.61499992450225294, -2.2061538360599502, -1.8222049045562241, -1.6162740889546843, -0.68316152324660406, -2.9670597283903604]]





coolerbutton: [[-1.26, -2.10, -1.43, -1.58, -1.47, -0.37, -1.47]]
coolerpregrasp: [[-1.33, -2.10, -1.58, -1.83, -0.73, -0.55, 0.88]]
coolergrasp: [[-1.02, -2.09, -1.44, -1.55, -0.72, -0.56, 0.89]]
coolerpostgrasp: [[-1.19, -2.08, -1.46, -1.65, -0.72, -0.45, 0.90]]
coolerpostgrasp-to-tablet: [[-1.50, -2.10, -1.47, -2.02, -1.58, -0.23, 1.78],
 [-0.15, -1.15, -0.82, -2.10, -2.93, -1.37, 2.97],
 [1.99, -0.77, -2.00, -2.10, -2.83, -0.27, 2.96],
 [2.52, -1.12, -2.36, -1.90, -2.83, -0.25, 2.83]]
pregrasp_tablecup: [[1.7453515257905323, -1.4302249795894761, -1.7985806233193928, -0.59330531114072738, -3.0167933774741567, -1.1098689227194916, 2.4801115303200945]]
